01_001.avi normal -1 -1 -1 -1 -1 -1 -1 -1 -1 -1 -1 -1 -1 -1 -1 -1
01_0015.avi skateboard 86 373 -1 -1 -1 -1 -1 -1 -1 -1 -1 -1 -1 -1 -1 -1
01_0025.avi vehicle 148 202 -1 -1 -1 -1 -1 -1 -1 -1 -1 -1 -1 -1 -1 -1
01_0027.avi running 77 148 150 151 -1 -1 -1 -1 -1 -1 -1 -1 -1 -1 -1 -1
01_0028.avi robbery 266 328 330 330 -1 -1 -1 -1 -1 -1 -1 -1 -1 -1 -1 -1
01_004.avi normal -1 -1 -1 -1 -1 -1 -1 -1 -1 -1 -1 -1 -1 -1 -1 -1
01_0051.avi vehicle 98 201 260 325 -1 -1 -1 -1 -1 -1 -1 -1 -1 -1 -1 -1
01_0052.avi vehicle 119 128 153 231 -1 -1 -1 -1 -1 -1 -1 -1 -1 -1 -1 -1
01_0053.avi vehicle 80 84 86 315 -1 -1 -1 -1 -1 -1 -1 -1 -1 -1 -1 -1
01_0055.avi running 68 312 -1 -1 -1 -1 -1 -1 -1 -1 -1 -1 -1 -1 -1 -1
01_0056.avi skateboard 263 397 -1 -1 -1 -1 -1 -1 -1 -1 -1 -1 -1 -1 -1 -1
01_006.avi normal -1 -1 -1 -1 -1 -1 -1 -1 -1 -1 -1 -1 -1 -1 -1 -1
01_0064.avi running 76 288 -1 -1 -1 -1 -1 -1 -1 -1 -1 -1 -1 -1 -1 -1
01_008.avi normal -1 -1 -1 -1 -1 -1 -1 -1 -1 -1 -1 -1 -1 -1 -1 -1
01_012.avi normal -1 -1 -1 -1 -1 -1 -1 -1 -1 -1 -1 -1 -1 -1 -1 -1
01_0135.avi car 167 355 -1 -1 -1 -1 -1 -1 -1 -1 -1 -1 -1 -1 -1 -1
01_0136.avi car 133 270 272 322 324 445 -1 -1 -1 -1 -1 -1 -1 -1 -1 -1
01_0139.avi vehicle 85 191 -1 -1 -1 -1 -1 -1 -1 -1 -1 -1 -1 -1 -1 -1
01_0141.avi skateboard 78 223 -1 -1 -1 -1 -1 -1 -1 -1 -1 -1 -1 -1 -1 -1
01_0162.avi vehicle 57 160 -1 -1 -1 -1 -1 -1 -1 -1 -1 -1 -1 -1 -1 -1
01_0177.avi vehicle 106 188 190 191 -1 -1 -1 -1 -1 -1 -1 -1 -1 -1 -1 -1
01_018.avi normal -1 -1 -1 -1 -1 -1 -1 -1 -1 -1 -1 -1 -1 -1 -1 -1
01_021.avi normal -1 -1 -1 -1 -1 -1 -1 -1 -1 -1 -1 -1 -1 -1 -1 -1
01_026.avi normal -1 -1 -1 -1 -1 -1 -1 -1 -1 -1 -1 -1 -1 -1 -1 -1
01_027.avi normal -1 -1 -1 -1 -1 -1 -1 -1 -1 -1 -1 -1 -1 -1 -1 -1
01_028.avi normal -1 -1 -1 -1 -1 -1 -1 -1 -1 -1 -1 -1 -1 -1 -1 -1
01_030.avi normal -1 -1 -1 -1 -1 -1 -1 -1 -1 -1 -1 -1 -1 -1 -1 -1
01_032.avi normal -1 -1 -1 -1 -1 -1 -1 -1 -1 -1 -1 -1 -1 -1 -1 -1
01_034.avi normal -1 -1 -1 -1 -1 -1 -1 -1 -1 -1 -1 -1 -1 -1 -1 -1
01_038.avi normal -1 -1 -1 -1 -1 -1 -1 -1 -1 -1 -1 -1 -1 -1 -1 -1
01_039.avi normal -1 -1 -1 -1 -1 -1 -1 -1 -1 -1 -1 -1 -1 -1 -1 -1
01_040.avi normal -1 -1 -1 -1 -1 -1 -1 -1 -1 -1 -1 -1 -1 -1 -1 -1
01_043.avi normal -1 -1 -1 -1 -1 -1 -1 -1 -1 -1 -1 -1 -1 -1 -1 -1
01_045.avi normal -1 -1 -1 -1 -1 -1 -1 -1 -1 -1 -1 -1 -1 -1 -1 -1
01_047.avi normal -1 -1 -1 -1 -1 -1 -1 -1 -1 -1 -1 -1 -1 -1 -1 -1
01_050.avi normal -1 -1 -1 -1 -1 -1 -1 -1 -1 -1 -1 -1 -1 -1 -1 -1
01_052.avi normal -1 -1 -1 -1 -1 -1 -1 -1 -1 -1 -1 -1 -1 -1 -1 -1
01_053.avi normal -1 -1 -1 -1 -1 -1 -1 -1 -1 -1 -1 -1 -1 -1 -1 -1
01_055.avi normal -1 -1 -1 -1 -1 -1 -1 -1 -1 -1 -1 -1 -1 -1 -1 -1
01_056.avi normal -1 -1 -1 -1 -1 -1 -1 -1 -1 -1 -1 -1 -1 -1 -1 -1
01_057.avi normal -1 -1 -1 -1 -1 -1 -1 -1 -1 -1 -1 -1 -1 -1 -1 -1
01_058.avi normal -1 -1 -1 -1 -1 -1 -1 -1 -1 -1 -1 -1 -1 -1 -1 -1
01_059.avi normal -1 -1 -1 -1 -1 -1 -1 -1 -1 -1 -1 -1 -1 -1 -1 -1
01_061.avi normal -1 -1 -1 -1 -1 -1 -1 -1 -1 -1 -1 -1 -1 -1 -1 -1
01_064.avi normal -1 -1 -1 -1 -1 -1 -1 -1 -1 -1 -1 -1 -1 -1 -1 -1
01_065.avi normal -1 -1 -1 -1 -1 -1 -1 -1 -1 -1 -1 -1 -1 -1 -1 -1
01_071.avi normal -1 -1 -1 -1 -1 -1 -1 -1 -1 -1 -1 -1 -1 -1 -1 -1
01_072.avi normal -1 -1 -1 -1 -1 -1 -1 -1 -1 -1 -1 -1 -1 -1 -1 -1
01_074.avi normal -1 -1 -1 -1 -1 -1 -1 -1 -1 -1 -1 -1 -1 -1 -1 -1
01_075.avi normal -1 -1 -1 -1 -1 -1 -1 -1 -1 -1 -1 -1 -1 -1 -1 -1
01_076.avi normal -1 -1 -1 -1 -1 -1 -1 -1 -1 -1 -1 -1 -1 -1 -1 -1
01_077.avi normal -1 -1 -1 -1 -1 -1 -1 -1 -1 -1 -1 -1 -1 -1 -1 -1
01_078.avi normal -1 -1 -1 -1 -1 -1 -1 -1 -1 -1 -1 -1 -1 -1 -1 -1
01_079.avi normal -1 -1 -1 -1 -1 -1 -1 -1 -1 -1 -1 -1 -1 -1 -1 -1
01_080.avi normal -1 -1 -1 -1 -1 -1 -1 -1 -1 -1 -1 -1 -1 -1 -1 -1
01_081.avi normal -1 -1 -1 -1 -1 -1 -1 -1 -1 -1 -1 -1 -1 -1 -1 -1
01_082.avi normal -1 -1 -1 -1 -1 -1 -1 -1 -1 -1 -1 -1 -1 -1 -1 -1
02_001.avi normal -1 -1 -1 -1 -1 -1 -1 -1 -1 -1 -1 -1 -1 -1 -1 -1
02_003.avi normal -1 -1 -1 -1 -1 -1 -1 -1 -1 -1 -1 -1 -1 -1 -1 -1
02_007.avi normal -1 -1 -1 -1 -1 -1 -1 -1 -1 -1 -1 -1 -1 -1 -1 -1
02_008.avi normal -1 -1 -1 -1 -1 -1 -1 -1 -1 -1 -1 -1 -1 -1 -1 -1
02_009.avi normal -1 -1 -1 -1 -1 -1 -1 -1 -1 -1 -1 -1 -1 -1 -1 -1
02_012.avi normal -1 -1 -1 -1 -1 -1 -1 -1 -1 -1 -1 -1 -1 -1 -1 -1
02_015.avi normal -1 -1 -1 -1 -1 -1 -1 -1 -1 -1 -1 -1 -1 -1 -1 -1
02_0161.avi vehicle 68 287 -1 -1 -1 -1 -1 -1 -1 -1 -1 -1 -1 -1 -1 -1
03_002.avi normal -1 -1 -1 -1 -1 -1 -1 -1 -1 -1 -1 -1 -1 -1 -1 -1
03_0031.avi robbery 327 386 -1 -1 -1 -1 -1 -1 -1 -1 -1 -1 -1 -1 -1 -1
03_0032.avi fall 144 263 -1 -1 -1 -1 -1 -1 -1 -1 -1 -1 -1 -1 -1 -1
03_0033.avi fall 51 160 162 166 -1 -1 -1 -1 -1 -1 -1 -1 -1 -1 -1 -1
03_005.avi normal -1 -1 -1 -1 -1 -1 -1 -1 -1 -1 -1 -1 -1 -1 -1 -1
03_0059.avi fighting 131 277 -1 -1 -1 -1 -1 -1 -1 -1 -1 -1 -1 -1 -1 -1
04_0004.avi fall 426 555 -1 -1 -1 -1 -1 -1 -1 -1 -1 -1 -1 -1 -1 -1
04_0011.avi vehicle 0 312 -1 -1 -1 -1 -1 -1 -1 -1 -1 -1 -1 -1 -1 -1
04_0012_0.avi vehicle 0 118 -1 -1 -1 -1 -1 -1 -1 -1 -1 -1 -1 -1 -1 -1
04_0012_1.avi circuit 120 343 -1 -1 -1 -1 -1 -1 -1 -1 -1 -1 -1 -1 -1 -1
04_002.avi normal -1 -1 -1 -1 -1 -1 -1 -1 -1 -1 -1 -1 -1 -1 -1 -1
04_0046.avi throwing_object 161 176 183 336 -1 -1 -1 -1 -1 -1 -1 -1 -1 -1 -1 -1
04_005.avi normal -1 -1 -1 -1 -1 -1 -1 -1 -1 -1 -1 -1 -1 -1 -1 -1
04_007.avi normal -1 -1 -1 -1 -1 -1 -1 -1 -1 -1 -1 -1 -1 -1 -1 -1
04_008.avi normal -1 -1 -1 -1 -1 -1 -1 -1 -1 -1 -1 -1 -1 -1 -1 -1
04_011.avi normal -1 -1 -1 -1 -1 -1 -1 -1 -1 -1 -1 -1 -1 -1 -1 -1
04_014.avi normal -1 -1 -1 -1 -1 -1 -1 -1 -1 -1 -1 -1 -1 -1 -1 -1
04_016.avi normal -1 -1 -1 -1 -1 -1 -1 -1 -1 -1 -1 -1 -1 -1 -1 -1
04_017.avi normal -1 -1 -1 -1 -1 -1 -1 -1 -1 -1 -1 -1 -1 -1 -1 -1
04_018.avi normal -1 -1 -1 -1 -1 -1 -1 -1 -1 -1 -1 -1 -1 -1 -1 -1
05_0017.avi throwing_object 283 415 -1 -1 -1 -1 -1 -1 -1 -1 -1 -1 -1 -1 -1 -1
05_0019.avi fighting 244 403 -1 -1 -1 -1 -1 -1 -1 -1 -1 -1 -1 -1 -1 -1
05_0023_0.avi jumping 171 272 -1 -1 -1 -1 -1 -1 -1 -1 -1 -1 -1 -1 -1 -1
05_0023_1.avi push 337 424 -1 -1 -1 -1 -1 -1 -1 -1 -1 -1 -1 -1 -1 -1
05_0023_2.avi chasing 426 443 -1 -1 -1 -1 -1 -1 -1 -1 -1 -1 -1 -1 -1 -1
05_0023_3.avi stoop 522 591 -1 -1 -1 -1 -1 -1 -1 -1 -1 -1 -1 -1 -1 -1
05_004.avi normal -1 -1 -1 -1 -1 -1 -1 -1 -1 -1 -1 -1 -1 -1 -1 -1
05_005.avi normal -1 -1 -1 -1 -1 -1 -1 -1 -1 -1 -1 -1 -1 -1 -1 -1
05_009.avi normal -1 -1 -1 -1 -1 -1 -1 -1 -1 -1 -1 -1 -1 -1 -1 -1
05_010.avi normal -1 -1 -1 -1 -1 -1 -1 -1 -1 -1 -1 -1 -1 -1 -1 -1
05_013.avi normal -1 -1 -1 -1 -1 -1 -1 -1 -1 -1 -1 -1 -1 -1 -1 -1
05_016.avi normal -1 -1 -1 -1 -1 -1 -1 -1 -1 -1 -1 -1 -1 -1 -1 -1
05_018.avi normal -1 -1 -1 -1 -1 -1 -1 -1 -1 -1 -1 -1 -1 -1 -1 -1
05_021.avi normal -1 -1 -1 -1 -1 -1 -1 -1 -1 -1 -1 -1 -1 -1 -1 -1
05_023.avi normal -1 -1 -1 -1 -1 -1 -1 -1 -1 -1 -1 -1 -1 -1 -1 -1
05_025.avi normal -1 -1 -1 -1 -1 -1 -1 -1 -1 -1 -1 -1 -1 -1 -1 -1
05_026.avi normal -1 -1 -1 -1 -1 -1 -1 -1 -1 -1 -1 -1 -1 -1 -1 -1
05_028.avi normal -1 -1 -1 -1 -1 -1 -1 -1 -1 -1 -1 -1 -1 -1 -1 -1
05_030.avi normal -1 -1 -1 -1 -1 -1 -1 -1 -1 -1 -1 -1 -1 -1 -1 -1
05_033.avi normal -1 -1 -1 -1 -1 -1 -1 -1 -1 -1 -1 -1 -1 -1 -1 -1
05_034.avi normal -1 -1 -1 -1 -1 -1 -1 -1 -1 -1 -1 -1 -1 -1 -1 -1
05_038.avi normal -1 -1 -1 -1 -1 -1 -1 -1 -1 -1 -1 -1 -1 -1 -1 -1
05_039.avi normal -1 -1 -1 -1 -1 -1 -1 -1 -1 -1 -1 -1 -1 -1 -1 -1
05_041.avi normal -1 -1 -1 -1 -1 -1 -1 -1 -1 -1 -1 -1 -1 -1 -1 -1
05_043.avi normal -1 -1 -1 -1 -1 -1 -1 -1 -1 -1 -1 -1 -1 -1 -1 -1
05_044.avi normal -1 -1 -1 -1 -1 -1 -1 -1 -1 -1 -1 -1 -1 -1 -1 -1
05_045.avi normal -1 -1 -1 -1 -1 -1 -1 -1 -1 -1 -1 -1 -1 -1 -1 -1
05_048.avi normal -1 -1 -1 -1 -1 -1 -1 -1 -1 -1 -1 -1 -1 -1 -1 -1
05_049.avi normal -1 -1 -1 -1 -1 -1 -1 -1 -1 -1 -1 -1 -1 -1 -1 -1
05_054.avi normal -1 -1 -1 -1 -1 -1 -1 -1 -1 -1 -1 -1 -1 -1 -1 -1
05_056.avi normal -1 -1 -1 -1 -1 -1 -1 -1 -1 -1 -1 -1 -1 -1 -1 -1
05_057.avi normal -1 -1 -1 -1 -1 -1 -1 -1 -1 -1 -1 -1 -1 -1 -1 -1
05_058.avi normal -1 -1 -1 -1 -1 -1 -1 -1 -1 -1 -1 -1 -1 -1 -1 -1
05_060.avi normal -1 -1 -1 -1 -1 -1 -1 -1 -1 -1 -1 -1 -1 -1 -1 -1
05_061.avi normal -1 -1 -1 -1 -1 -1 -1 -1 -1 -1 -1 -1 -1 -1 -1 -1
05_062.avi normal -1 -1 -1 -1 -1 -1 -1 -1 -1 -1 -1 -1 -1 -1 -1 -1
05_064.avi normal -1 -1 -1 -1 -1 -1 -1 -1 -1 -1 -1 -1 -1 -1 -1 -1
05_065.avi normal -1 -1 -1 -1 -1 -1 -1 -1 -1 -1 -1 -1 -1 -1 -1 -1
06_003.avi normal -1 -1 -1 -1 -1 -1 -1 -1 -1 -1 -1 -1 -1 -1 -1 -1
06_006.avi normal -1 -1 -1 -1 -1 -1 -1 -1 -1 -1 -1 -1 -1 -1 -1 -1
06_009.avi normal -1 -1 -1 -1 -1 -1 -1 -1 -1 -1 -1 -1 -1 -1 -1 -1
06_011.avi normal -1 -1 -1 -1 -1 -1 -1 -1 -1 -1 -1 -1 -1 -1 -1 -1
06_0144.avi car 59 150 152 156 158 161 163 201 -1 -1 -1 -1 -1 -1 -1 -1
06_015.avi normal -1 -1 -1 -1 -1 -1 -1 -1 -1 -1 -1 -1 -1 -1 -1 -1
06_0153.avi vehicle 112 180 -1 -1 -1 -1 -1 -1 -1 -1 -1 -1 -1 -1 -1 -1
06_017.avi normal -1 -1 -1 -1 -1 -1 -1 -1 -1 -1 -1 -1 -1 -1 -1 -1
06_018.avi normal -1 -1 -1 -1 -1 -1 -1 -1 -1 -1 -1 -1 -1 -1 -1 -1
06_020.avi normal -1 -1 -1 -1 -1 -1 -1 -1 -1 -1 -1 -1 -1 -1 -1 -1
06_021.avi normal -1 -1 -1 -1 -1 -1 -1 -1 -1 -1 -1 -1 -1 -1 -1 -1
06_022.avi normal -1 -1 -1 -1 -1 -1 -1 -1 -1 -1 -1 -1 -1 -1 -1 -1
06_026.avi normal -1 -1 -1 -1 -1 -1 -1 -1 -1 -1 -1 -1 -1 -1 -1 -1
06_028.avi normal -1 -1 -1 -1 -1 -1 -1 -1 -1 -1 -1 -1 -1 -1 -1 -1
06_029.avi normal -1 -1 -1 -1 -1 -1 -1 -1 -1 -1 -1 -1 -1 -1 -1 -1
06_030.avi normal -1 -1 -1 -1 -1 -1 -1 -1 -1 -1 -1 -1 -1 -1 -1 -1
07_0006.avi fall 159 261 -1 -1 -1 -1 -1 -1 -1 -1 -1 -1 -1 -1 -1 -1
07_0008.avi vaudeville 177 184 186 310 312 364 -1 -1 -1 -1 -1 -1 -1 -1 -1 -1
07_002.avi normal -1 -1 -1 -1 -1 -1 -1 -1 -1 -1 -1 -1 -1 -1 -1 -1
07_0048.avi chasing 189 240 -1 -1 -1 -1 -1 -1 -1 -1 -1 -1 -1 -1 -1 -1
07_005.avi normal -1 -1 -1 -1 -1 -1 -1 -1 -1 -1 -1 -1 -1 -1 -1 -1
07_008.avi normal -1 -1 -1 -1 -1 -1 -1 -1 -1 -1 -1 -1 -1 -1 -1 -1
08_001.avi normal -1 -1 -1 -1 -1 -1 -1 -1 -1 -1 -1 -1 -1 -1 -1 -1
08_002.avi normal -1 -1 -1 -1 -1 -1 -1 -1 -1 -1 -1 -1 -1 -1 -1 -1
08_004.avi normal -1 -1 -1 -1 -1 -1 -1 -1 -1 -1 -1 -1 -1 -1 -1 -1
08_0058.avi vehicle 0 51 69 170 174 250 -1 -1 -1 -1 -1 -1 -1 -1 -1 -1
08_006.avi normal -1 -1 -1 -1 -1 -1 -1 -1 -1 -1 -1 -1 -1 -1 -1 -1
08_007.avi normal -1 -1 -1 -1 -1 -1 -1 -1 -1 -1 -1 -1 -1 -1 -1 -1
08_0077.avi vehicle 34 71 79 327 362 365 384 390 401 401 403 414 421 429 -1 -1
08_008.avi normal -1 -1 -1 -1 -1 -1 -1 -1 -1 -1 -1 -1 -1 -1 -1 -1
08_0080.avi skateboard 9 73 97 205 -1 -1 -1 -1 -1 -1 -1 -1 -1 -1 -1 -1
08_010.avi normal -1 -1 -1 -1 -1 -1 -1 -1 -1 -1 -1 -1 -1 -1 -1 -1
08_011.avi normal -1 -1 -1 -1 -1 -1 -1 -1 -1 -1 -1 -1 -1 -1 -1 -1
08_0157.avi monocycle 138 268 273 282 -1 -1 -1 -1 -1 -1 -1 -1 -1 -1 -1 -1
08_0158.avi running 92 255 -1 -1 -1 -1 -1 -1 -1 -1 -1 -1 -1 -1 -1 -1
08_016.avi normal -1 -1 -1 -1 -1 -1 -1 -1 -1 -1 -1 -1 -1 -1 -1 -1
08_021.avi normal -1 -1 -1 -1 -1 -1 -1 -1 -1 -1 -1 -1 -1 -1 -1 -1
08_023.avi normal -1 -1 -1 -1 -1 -1 -1 -1 -1 -1 -1 -1 -1 -1 -1 -1
08_024.avi normal -1 -1 -1 -1 -1 -1 -1 -1 -1 -1 -1 -1 -1 -1 -1 -1
08_025.avi normal -1 -1 -1 -1 -1 -1 -1 -1 -1 -1 -1 -1 -1 -1 -1 -1
08_028.avi normal -1 -1 -1 -1 -1 -1 -1 -1 -1 -1 -1 -1 -1 -1 -1 -1
08_029.avi normal -1 -1 -1 -1 -1 -1 -1 -1 -1 -1 -1 -1 -1 -1 -1 -1
08_030.avi normal -1 -1 -1 -1 -1 -1 -1 -1 -1 -1 -1 -1 -1 -1 -1 -1
08_032.avi normal -1 -1 -1 -1 -1 -1 -1 -1 -1 -1 -1 -1 -1 -1 -1 -1
08_034.avi normal -1 -1 -1 -1 -1 -1 -1 -1 -1 -1 -1 -1 -1 -1 -1 -1
08_037.avi normal -1 -1 -1 -1 -1 -1 -1 -1 -1 -1 -1 -1 -1 -1 -1 -1
08_043.avi normal -1 -1 -1 -1 -1 -1 -1 -1 -1 -1 -1 -1 -1 -1 -1 -1
08_045.avi normal -1 -1 -1 -1 -1 -1 -1 -1 -1 -1 -1 -1 -1 -1 -1 -1
08_046.avi normal -1 -1 -1 -1 -1 -1 -1 -1 -1 -1 -1 -1 -1 -1 -1 -1
08_047.avi normal -1 -1 -1 -1 -1 -1 -1 -1 -1 -1 -1 -1 -1 -1 -1 -1
08_048.avi normal -1 -1 -1 -1 -1 -1 -1 -1 -1 -1 -1 -1 -1 -1 -1 -1
09_002.avi normal -1 -1 -1 -1 -1 -1 -1 -1 -1 -1 -1 -1 -1 -1 -1 -1
09_003.avi normal -1 -1 -1 -1 -1 -1 -1 -1 -1 -1 -1 -1 -1 -1 -1 -1
09_005.avi normal -1 -1 -1 -1 -1 -1 -1 -1 -1 -1 -1 -1 -1 -1 -1 -1
09_007.avi normal -1 -1 -1 -1 -1 -1 -1 -1 -1 -1 -1 -1 -1 -1 -1 -1
10_0038.avi vehicle 0 196 198 227 -1 -1 -1 -1 -1 -1 -1 -1 -1 -1 -1 -1
10_004.avi normal -1 -1 -1 -1 -1 -1 -1 -1 -1 -1 -1 -1 -1 -1 -1 -1
10_0042.avi vehicle 0 363 -1 -1 -1 -1 -1 -1 -1 -1 -1 -1 -1 -1 -1 -1
10_005.avi normal -1 -1 -1 -1 -1 -1 -1 -1 -1 -1 -1 -1 -1 -1 -1 -1
10_008.avi normal -1 -1 -1 -1 -1 -1 -1 -1 -1 -1 -1 -1 -1 -1 -1 -1
10_009.avi normal -1 -1 -1 -1 -1 -1 -1 -1 -1 -1 -1 -1 -1 -1 -1 -1
10_011.avi normal -1 -1 -1 -1 -1 -1 -1 -1 -1 -1 -1 -1 -1 -1 -1 -1
11_003.avi normal -1 -1 -1 -1 -1 -1 -1 -1 -1 -1 -1 -1 -1 -1 -1 -1
11_004.avi normal -1 -1 -1 -1 -1 -1 -1 -1 -1 -1 -1 -1 -1 -1 -1 -1
11_005.avi normal -1 -1 -1 -1 -1 -1 -1 -1 -1 -1 -1 -1 -1 -1 -1 -1
11_006.avi normal -1 -1 -1 -1 -1 -1 -1 -1 -1 -1 -1 -1 -1 -1 -1 -1
12_001.avi normal -1 -1 -1 -1 -1 -1 -1 -1 -1 -1 -1 -1 -1 -1 -1 -1
12_004.avi normal -1 -1 -1 -1 -1 -1 -1 -1 -1 -1 -1 -1 -1 -1 -1 -1
12_007.avi normal -1 -1 -1 -1 -1 -1 -1 -1 -1 -1 -1 -1 -1 -1 -1 -1
12_008.avi normal -1 -1 -1 -1 -1 -1 -1 -1 -1 -1 -1 -1 -1 -1 -1 -1
12_011.avi normal -1 -1 -1 -1 -1 -1 -1 -1 -1 -1 -1 -1 -1 -1 -1 -1
12_012.avi normal -1 -1 -1 -1 -1 -1 -1 -1 -1 -1 -1 -1 -1 -1 -1 -1
12_0142.avi vehicle 74 142 150 558 560 600 -1 -1 -1 -1 -1 -1 -1 -1 -1 -1
12_015.avi normal -1 -1 -1 -1 -1 -1 -1 -1 -1 -1 -1 -1 -1 -1 -1 -1
12_0151.avi vehicle 0 1 24 234 -1 -1 -1 -1 -1 -1 -1 -1 -1 -1 -1 -1
12_0173.avi vehicle 51 62 64 167 -1 -1 -1 -1 -1 -1 -1 -1 -1 -1 -1 -1
12_0174.avi vehicle 93 336 -1 -1 -1 -1 -1 -1 -1 -1 -1 -1 -1 -1 -1 -1
13_001.avi normal -1 -1 -1 -1 -1 -1 -1 -1 -1 -1 -1 -1 -1 -1 -1 -1
13_005.avi normal -1 -1 -1 -1 -1 -1 -1 -1 -1 -1 -1 -1 -1 -1 -1 -1
13_006.avi normal -1 -1 -1 -1 -1 -1 -1 -1 -1 -1 -1 -1 -1 -1 -1 -1
